1.313890000000000002e+00,-2.036300000000004495e-01
1.302543284589823713e+00,-1.853940275064321908e-01
1.162455692145546449e+00,-4.800328898060893940e-02
1.102379034048895923e+00,-2.443955106346704445e-02
1.049315031736406612e+00,-1.647747824599726102e-02
1.010716366638512387e+00,-1.603443580402873908e-02
9.958063328248357715e-01,-2.387400507081347337e-02
1.021589034048896005e+00,-3.899912764333158394e-02
1.122032927189238638e+00,-8.227982484820520193e-02
1.182587072810761475e+00,-1.108227536689564419e-01
1.238888893532706259e+00,-1.433001564030868258e-01
1.313890000000000002e+00,-2.036299999999996724e-01