1.313890000000000002e+00,-2.036300000000004495e-01
1.311027973972741512e+00,-1.990296316501083407e-01
1.302543284589823713e+00,-1.853940275064321908e-01
1.288736506202615484e+00,-1.645697954518132167e-01
1.270096750818751730e+00,-1.395624849334590467e-01
1.247284341065417745e+00,-1.133714285525918158e-01
1.221107417931084349e+00,-8.840074075238579798e-02
1.192493311968097158e+00,-6.627921241937656527e-02
1.162455692145546449e+00,-4.800328898060893940e-02
1.132058656120679574e+00,-3.403665608534783144e-02
1.102379034048895923e+00,-2.443955106346704445e-02
1.074468241338644825e+00,-1.884992629469419909e-02
1.049315031736406612e+00,-1.647747824599726102e-02
1.027810470232287887e+00,-1.605974078972438254e-02
1.010716366638512387e+00,-1.603443580402873908e-02
9.986382880970290365e-01,-1.568997758380761415e-02
9.920041065616066467e-01,-1.619409271285450133e-02
9.910488412205598063e-01,-1.890056046206572624e-02
9.958063328248357715e-01,-2.387400507081347337e-02
1.006108044862540574e+00,-3.076926679529102399e-02
1.021589034048896005e+00,-3.899912764333158394e-02
1.041700878624042481e+00,-4.830464082551732402e-02
1.065731106467293632e+00,-5.857392305462801041e-02
1.092828434777209701e+00,-6.985782886703922889e-02
1.122032927189238638e+00,-8.227982484820520193e-02
1.152309999999999945e+00,-9.593652824491064046e-02
1.182587072810761475e+00,-1.108227536689564419e-01
1.211791565222790190e+00,-1.267446372143817557e-01
1.238888893532706259e+00,-1.433001564030868258e-01
1.262919121375957410e+00,-1.597955051652777958e-01
1.283030965951104108e+00,-1.752978550628690735e-01
1.298511955137459317e+00,-1.886117811435729930e-01
1.308813667175164230e+00,-1.983738381205255863e-01
1.313890000000000002e+00,-2.036299999999996724e-01
