1.000000000000000000e+00,5.900000000000000730e-03
9.648942119428252084e-01,1.811860092448262446e-02
8.645073513773748886e-01,3.371120325401569251e-02
7.129384545427532860e-01,5.274529426523756614e-02
5.314749225704966662e-01,7.108426660454911228e-02
3.456027692570480814e-01,7.940709431624326520e-02
1.814271861647837603e-01,7.120955182273698558e-02
6.200614604587195711e-02,4.665066409768513916e-02
4.111979092372819444e-03,1.244877724470634835e-02
1.587574900438037950e-02,-2.403355551763354178e-02
9.564526925704824878e-02,-5.485144227167722264e-02
2.322171477880750623e-01,-7.242558647468941291e-02
4.064102701188774813e-01,-7.247147267510573032e-02
5.937597298811227997e-01,-5.400360614756369304e-02
7.679528522119252187e-01,-2.679983886304757382e-02
9.045247307429520323e-01,-1.928184333551306254e-04
1.000000000000000000e+00,5.900000000000013740e-03