1.000000000000000000e+00,5.900000000000000730e-03
9.911451309480323602e-01,1.011336238752962718e-02
9.648942119428252084e-01,1.811860092448262446e-02
9.221771948773398453e-01,2.573986881693720793e-02
8.645073513773748886e-01,3.371120325401569251e-02
7.939276643997916771e-01,4.280014540658343136e-02
7.129384545427532860e-01,5.274529426523756614e-02
6.244088049420183362e-01,6.257484076175741372e-02
5.314749225704966662e-01,7.108426660454911228e-02
4.374290365427007665e-01,7.703278909554460430e-02
3.456027692570480814e-01,7.940709431624326520e-02
2.592491120114409631e-01,7.753738977330135174e-02
1.814271861647837603e-01,7.120955182273698558e-02
1.148938722377412791e-01,6.068111723621986975e-02
6.200614604587195711e-02,4.665066409768513916e-02
2.463758165630824948e-02,3.018260145457688642e-02
4.111979092372819444e-03,1.244877724470634835e-02
1.524999999999992616e-04,-2.250000000000000264e-03
1.587574900438037950e-02,-2.403355551763354178e-02
4.774838406644987820e-02,-4.053836511169051082e-02
9.564526925704824878e-02,-5.485144227167722264e-02
1.578696335396596595e-01,-6.577296170090222993e-02
2.322171477880750623e-01,-7.242558647468941291e-02
3.160540142446393030e-01,-7.436265873145594951e-02
4.064102701188774813e-01,-7.247147267510573032e-02
5.000849999999998907e-01,-6.446528971448906020e-02
5.937597298811227997e-01,-5.400360614756369304e-02
6.841159857553609225e-01,-4.102273808194061011e-02
7.679528522119252187e-01,-2.679983886304757382e-02
8.423003664603403440e-01,-1.263500040556477313e-02
9.045247307429520323e-01,-1.928184333551306254e-04
9.524216159335502363e-01,7.968779811008736350e-03
9.842942509956196240e-01,9.034443573074011496e-03
1.000000000000000000e+00,5.900000000000013740e-03
